
encrypt()
{
key: Q04d3I2wt4Sz1okAwfBVrKabptJfx6A2amxftV0+mkE=
keyUint8A: Uint8Array(32) [
   67,  78,  29, 220, 141, 176, 183, 132,
  179, 214, 137,   0, 193, 240,  85, 172,
  166, 155, 166, 210,  95, 199, 160,  54,
  106, 108,  95, 181,  93,  62, 154,  65
]
nonce: 116,153,110,168,129,166,123,167,137,253,227,67,49,252,37,14,110,124,125,188,191,75,8,64
box: 246,222,197,40,121,119,146,248,64,212,132,186,166,234,53,162,152,64,92,74,192,43,233,83,23,163
fullMessage new Uint8Array = Uint8Array(50) [
  0, 0, 0, 0, 0, 0, 0, 0, 0, 0, 0,
  0, 0, 0, 0, 0, 0, 0, 0, 0, 0, 0,
  0, 0, 0, 0, 0, 0, 0, 0, 0, 0, 0,
  0, 0, 0, 0, 0, 0, 0, 0, 0, 0, 0,
  0, 0, 0, 0, 0, 0
]

fullMessage.set(nonce) = Uint8Array(50) [
  116, 153, 110, 168, 129, 166, 123, 167, 137, 253, 227,
   67,  49, 252,  37,  14, 110, 124, 125, 188, 191,  75,
    8,  64,   0,   0,   0,   0,   0,   0,   0,   0,   0,
    0,   0,   0,   0,   0,   0,   0,   0,   0,   0,   0,
    0,   0,   0,   0,   0,   0
]

fullMessage.set(box, nonce.lenght )Uint8Array(50) [
  116, 153, 110, 168, 129, 166, 123, 167, 137,
  253, 227,  67,  49, 252,  37,  14, 110, 124,
  125, 188, 191,  75,   8,  64, 246, 222, 197,
   40, 121, 119, 146, 248,  64, 212, 132, 186,
  166, 234,  53, 162, 152,  64,  92,  74, 192,
   43, 233,  83,  23, 163
]
base64FullMessage: dJluqIGme6eJ/eNDMfwlDm58fby/SwhA9t7FKHl3kvhA1IS6puo1ophAXErAK+lTF6M=

};


decrypt()
{
keyUint8A: 67,78,29,220,141,176,183,132,179,214,137,0,193,240,85,172,166,155,166,210,95,199,160,54,106,108,95,181,93,62,154,65
messageWNonceUint8A: 116,153,110,168,129,166,123,167,137,253,227,67,49,252,37,14,110,124,125,188,191,75,8,64,246,222,197,40,121,119,146,248,64,212,132,186,166,234,53,162,152,64,92,74,192,43,233,83,23,163
nonce | decrypt: 116,153,110,168,129,166,123,167,137,253,227,67,49,252,37,14,110,124,125,188,191,75,8,64
message | decrypt: 246,222,197,40,121,119,146,248,64,212,132,186,166,234,53,162,152,64,92,74,192,43,233,83,23,163
decrypted: 104,111,108,97,44,32,104,111,108,97
};

decrypted: hola, hola
Message: hola, hola
